4294967279,20
4294967279,11
4294967279,6
4294967279,5
4294967294,18
4294967294,127
4294967294,14
4294967294,126
4294967294,20
4294967294,13
4294967294,12
4294967293,131
4294967293,130
4294967293,129
4294967293,128
4294967293,127
4294967293,126
4294967293,125
4294967293,124
4294967293,123
4294967293,122
4294967293,121
4294967293,120
4294967293,119
4294967293,118
4294967293,117
4294967293,116
4294967293,115
4294967293,114
4294967293,113
4294967293,112
4294967293,111
4294967293,110
4294967293,109
4294967293,108
4294967293,107
4294967293,106
4294967293,105
4294967293,104
4294967293,103
4294967293,102
4294967293,101
4294967293,100
4294967293,99
4294967293,98
4294967293,97
4294967293,96
4294967293,95
4294967293,94
4294967293,93
4294967293,92
4294967293,91
4294967293,90
4294967293,89
4294967293,87
4294967293,86
4294967293,85
4294967293,84
4294967293,83
4294967293,82
4294967293,81
4294967293,80
4294967293,79
4294967293,78
4294967293,77
4294967293,76
4294967293,75
4294967293,74
4294967293,73
4294967293,72
4294967293,71
4294967293,70
4294967293,69
4294967293,68
4294967293,67
4294967293,66
4294967293,65
4294967293,64
4294967293,63
4294967293,62
4294967293,61
4294967293,60
4294967293,59
4294967293,58
4294967293,57
4294967293,56
4294967293,55
4294967293,54
4294967293,53
4294967293,52
4294967293,51
4294967293,50
4294967293,49
4294967293,48
4294967293,47
4294967293,46
4294967293,45
4294967293,44
4294967293,43
4294967293,42
4294967293,41
4294967293,40
4294967293,39
4294967293,38
4294967293,37
4294967293,36
4294967293,35
4294967293,34
4294967293,33
4294967293,32
4294967293,31
4294967293,30
4294967293,29
4294967293,28
4294967293,27
4294967293,26
4294967293,25
4294967293,24
4294967293,23
4294967293,22
4294967293,21
4294967293,20
4294967293,19
4294967293,18
4294967293,17
4294967293,16
4294967293,15
4294967293,14
4294967293,13
4294967293,12
4294967293,11
4294967293,10
4294967293,9
4294967293,8
4294967293,7
4294967293,6
4294967293,5
4294967293,4
4294967293,3
4294967279,110
4294967279,105
4294967279,104
4294967279,103
4294967279,99
4294967279,97
4294967279,89
4294967279,86
4294967279,85
4294967279,83
4294967279,82
4294967279,81
4294967279,80
4294967279,79
4294967279,76
4294967279,75
4294967279,74
4294967279,73
4294967279,70
4294967279,66
4294967279,65
4294967279,64
4294967279,63
4294967279,61
4294967279,58
4294967279,57
4294967279,56
4294967279,54
4294967279,52
4294967279,51
4294967279,49
4294967279,47
4294967279,43
4294967279,42
4294967279,41
4294967279,109
4294967279,108
4294967279,107
4294967279,224
4294967279,106
4294967294,437
4294967279,215
4294967279,214
4294967278,384
4294967278,362
4294967279,327
4294967279,100
4294967279,211
4294967294,482
4294967278,361
4294967278,209
4294967279,209
4294967279,208
4294967279,326
4294967279,96
4294967278,204
4294967279,207
91,6
91,5
91,4
91,3
91,2
91,1
4294967278,335
4294967278,334
4294967279,91
4294967279,517
4294967279,202
4294967279,201
4294967278,200
4294967279,87
4294967279,200
4294967278,199
4294967279,199
4294967278,198
4294967278,197
4294967279,197
4294967278,194
4294967278,196
4294967279,196
4294967278,195
4294967279,195
4294967279,78
4294967278,193
4294967279,193
4294967278,192
4294967279,192
4294967279,316
4294967278,191
4294967279,191
4294967278,190
4294967279,190
4294967278,189
4294967279,189
88,4
4294967278,188
88,3
88,2
88,1
4294967279,188
4294967278,187
4294967279,187
4294967279,71
4294967278,186
4294967279,186
87,4
4294967279,185
87,3
87,2
87,1
4294967279,184
4294967278,183
4294967294,481
4294967279,181
4294967278,182
4294967278,305
4294967279,314
4294967279,325
4294967278,181
86,6
4294967278,178
4294967279,67
86,5
4294967278,177
86,4
86,3
86,2
86,1
4294967279,62
4294967278,173
4294967279,59
4294967278,172
4294967279,60
4294967278,171
85,5
4294967278,169
85,4
4294967278,168
85,3
85,2
85,1
4294967278,355
4294967278,167
4294967279,55
4294967279,544
4294967294,480
4294967278,163
4294967279,53
4294967279,312
84,5
4294967279,48
4294967278,354
4294967279,50
84,4
84,3
84,2
84,1
4294967294,411
4294967294,459
4294967294,160
4294967294,111
4294967294,118
4294967294,466
4294967278,159
4294967279,45
4294967278,317
4294967279,46
4294967279,541
4294967278,157
83,5
4294967279,44
4294967279,291
83,4
83,3
83,2
83,1
4294967278,353
4294967278,153
4294967278,352
82,4
82,3
82,2
82,1
4294967279,289
4294967279,288
4294967278,350
4294967279,310
4294967278,315
4294967279,309
4294967278,349
4294967278,225
4294967279,287
4294967278,359
4294967279,102
4294967279,101
4294967279,551
4294967279,98
4294967279,95
4294967279,94
4294967279,93
4294967279,92
4294967279,90
4294967279,300
4294967279,84
4294967279,77
4294967279,72
4294967279,69
4294967279,68
4294967278,346
4294967279,285
4294967278,135
4294967278,313
4294967279,268
4294967278,276
4294967279,270
4294967279,267
4294967278,312
4294967278,270
81,6
81,5
4294967279,282
81,4
81,3
81,2
81,1
4294967279,277
4294967278,271
4294967279,305
4294967279,263
4294967278,281
4294967279,261
4294967278,265
4294967279,275
4294967278,345
4294967278,261
4294967279,256
4294967279,255
4294967279,253
4294967278,258
4294967278,257
4294967279,530
4294967278,343
4294967279,529
4294967279,528
78,4
78,3
78,2
78,1
4294967279,525
4294967278,338
77,4
77,3
77,2
77,1
4294967279,523
4294967278,254
4294967278,252
4294967279,324
76,6
4294967278,244
4294967279,247
76,5
76,4
76,3
76,2
76,1
4294967279,521
4294967279,237
4294967278,347
75,5
4294967279,231
75,4
75,3
75,2
75,1
4294967278,227
4294967294,396
